1.28206768 1.143525105 1.328236921 0.712530256
-0.56716222 -0.531785671 0.262285148 -0.368256594
1.152313216 1.19853854 -0.027343926 0.14724318
-0.711097583 -2.090141091 0.075180548 -2.742018017
-0.523351805 -0.837359646 1.575114928 0.337870494
0.495863201 0.309764553 -1.227532182 -1.975280224
0.908434021 0.98740935 0.825229513 -0.30921704
1.149009799 1.733759353 1.140617479 0.933814393
0.600579335 -0.253475626 1.577711548 1.146861578
-0.067526189 -0.160730937 -0.892110616 -0.862259688
0.472086936 0.625034655 0.963542409 0.783438011
-0.183178271 -0.401136847 0.540696843 -0.066962159
-0.298608476 -0.641646324 1.117479932 0.510537775
0.514029319 0.15052384 0.36341339 -0.906722833
1.125591595 0.78991143 1.333056122 0.636360105
0.002245871 0.199997721 -0.032163129 -0.491219558
-0.536788331 -0.590403551 -0.267000659 -0.511209524
-0.155834113 0.080642861 -0.016063373 -1.392250111
0.315059706 0.109646465 0.698893595 0.175793168
0.40149259 0.355776079 0.728796747 -0.100004034
0.924892958 1.175266264 0.945854499 -0.258332408
-0.132191316 0.503554564 -0.557067012 -1.046964021
-0.02891732 0.093801205 -1.067029049 -1.548399798
0.296563196 0.559774323 0.961885271 0.312949068
1.543504287 1.138233667 2.032656243 1.706038433
-0.536643402 -0.586252989 -0.213307398 -0.015517894
0.664958577 0.376989504 -1.013335781 -0.555728064
-1.020842374 0.183071995 -0.192510492 -0.24110987
0.389801129 0.335191457 -0.332972725 -0.896254302
0.331103771 0.037238307 -1.678196842 -1.101977237
-0.754833534 -0.868593718 -0.734987267 -0.128101183
-0.735131755 -1.010217047 -0.868872865 -1.272961007
-0.383426329 0.679480903 -0.647686789 -0.281046826
0.252868875 0.796594985 -0.006375281 -0.143482668
-0.779691583 -1.411655223 -0.180549792 0.471447829
-0.978022732 -0.847259108 -0.105687845 -0.113457348
0.097757998 1.559755099 -0.377007385 -0.032214025
0.95339492 1.779886056 -0.346632023 -0.448094011
2.409266771 2.03078205 0.743462724 0.744272157
-1.340518503 -1.698626774 -0.811677995 -0.710650888
-1.4868735 -2.166940229 0.169789537 -0.026799713
0.158656524 -0.199425031 -0.080865448 0.729319515
0.231753209 0.462016912 -0.814618635 -0.424044272
0.460341918 0.685476008 0.422058777 0.678382157
-2.869567818 -2.893666955 -2.511003829 -2.742018017
-0.693559359 -0.632508619 -0.831226069 -0.666801542
0.939191397 0.89903846 -0.214357144 0.319968553
0.229891982 0.789580509 -0.156993936 -0.207749646
0.038813772 -0.546721033 0.872260796 0.343421683
0.688957376 0.221585401 -0.492928464 -0.585014243
1.774080691 1.639786662 -0.081495297 -0.000105856
-1.28593579 -1.424213169 -2.278730587 -1.20634252
-0.816091956 -0.900406641 -0.810877304 -1.027445091
0.030113464 0.427469234 -0.794189833 -0.201670481
0.758747035 1.505562781 2.225469565 3.473937812
-0.693559359 -0.789621423 -0.075421115 0.652255487
-0.758350564 -0.69142055 1.811843462 1.126256325
-1.900854082 -1.643639211 -1.206373578 -0.708907148
1.263328093 1.440193457 0.426861936 1.35023552
0.119151415 0.69799497 -0.831226069 -1.192004056
-0.831843372 -0.004137274 8.95522391941329e-12 0.00155736
1.622711851 1.756782518 -0.056565666 1.348854063
0.825305427 1.159601231 -1.083878931 0.92016427
-0.627227313 -0.508117949 -0.670848708 0.367244169
0.17108152 0.297479448 -2.278730587 -1.118879051
0.674606877 1.317555621 -0.974643997 0.150636145
-0.494596656 0.006451313 -0.229154744 0.020348866
-1.004942679 -1.003557031 -0.693761559 -0.044315663
-0.379382892 0.576023119 8.95522391941329e-12 -2.742018017
-0.754833534 0.667144535 -1.324580665 -0.56917434
0.249780342 0.420921274 -0.477435651 0.356295774
0.222919484 0.57826034 -2.511003829 -1.029774106
-0.844541637 -0.26769706 0.033540618 -0.025276098
0.665950151 0.625034655 0.463655963 0.609490897
1.185452748 1.143172872 8.95522391941329e-12 -0.143482668
-0.229877878 0.231110856 0.073256081 0.577396258
-1.191851457 -0.39843382 -0.056565666 -0.046747649
-0.219023039 0.655730738 0.533027732 1.154444033
0.485026824 0.759420189 0.493898663 1.430241233
0.434080338 0.674437791 -1.453986105 -0.948109478
-0.387567532 -0.361344436 0.397082908 0.84189936
-1.262071487 -0.577385543 0.157426178 0.643445349
0.357093573 0.576437649 0.432599462 0.095804233
-0.466503315 -0.062840117 -0.394730527 -0.452255486
-1.613046461 -1.294967994 1.485974738 -1.230546187
0.182130158 0.485781035 0.087897257 0.391771023
0.825902802 1.371697203 0.759382935 0.828198431
-0.613422868 -0.510181575 0.49190695 0.863443724
-0.571048027 -0.598645462 0.072232406 -0.157821132
-2.869567818 -2.893666955 2.478303794 0.254832609
2.604042779 0.899622219 2.328537206 2.64083995
0.296563196 0.216433342 -0.794189833 1.252071234
-2.869567818 -2.702418909 -1.180117742 -0.513485968
1.142082429 1.012309213 0.202957249 -0.056043866
1.408345712 1.304967629 0.893569653 -0.157821132
0.587262043 0.464089338 0.853469447 -0.317199626
-1.837043665 -1.393880186 1.357527647 0.445198948
-1.15891346 -0.478895684 0.005838558 -0.419279865
1.215721139 0.694758461 -0.590524347 -0.206622031
-0.139481447 0.4372425 -0.992538882 -0.718084305
2.03258724 -0.574042735 8.95522391941329e-12 -1.764705519173e-11
0.728736271 0.835401574 -0.044965598 0.165251685
-1.117870897 -1.987995397 0.612659095 -1.078154755
-0.208090405 -1.409988059 1.163441781 0.731321761
-0.425753876 -0.694260842 -0.992538882 -0.271772141
1.354258275 -0.160022905 1.15673781 0.105922645
0.710398658 0.740962576 0.093541263 -0.157821132
-0.817914308 -0.342383845 0.322592739 -0.257049916
-0.30618569 -0.411237382 -0.168711775 -0.250653729
0.497576135 1.106636733 1.15673781 -0.464809062
1.635877682 0.9831851 0.35670942 0.304128653
0.718501623 0.390571311 8.95522391941329e-12 -1.764705519173e-11
-0.14454305 -0.276532275 1.439170103 1.530492367
-0.915358353 -1.232721272 -0.283143535 -0.507423045
-1.441800185 -1.303535393 -1.051741448 -0.531821909
0.564792154 -0.44606005 0.453396367 -0.883269703
0.730505309 1.066617936 0.493898663 0.495022798
-0.673278152 -0.136827368 2.260447908 1.280171669
-0.019974146 0.250849717 -0.723502625 -1.13597185
-0.032440963 0.123881932 0.509709828 0.03151273
1.108418088 1.553592596 1.30875634 1.476789417
0.445393109 0.504074415 0.618288089 0.288121132
-0.449204891 0.345629331 -0.085129929 -0.118011029
-0.963662603 -0.726745032 -0.953142666 -1.12835119
-0.534115321 0.106640079 0.016830994 -0.506048492
-0.851452894 -2.027381097 0.549399594 0.519332547
1.065884344 1.547865891 0.480555198 0.32463018
-0.58916542 -0.352931022 0.065041124 -0.166852183
-1.219908182 -0.149489105 -1.712935904 -1.196086906
-0.610760651 -0.859629216 0.545781418 -0.064702718
-1.42165924 -0.772575841 1.017988131 0.797867659
-0.028258459 0.545227926 -0.098820523 -0.56917434
0.460631267 -0.141370361 -0.377007385 -0.014241178
0.406093682 0.44091183 0.089512646 -0.150122911
1.391749996 1.134499821 1.699836961 -1.74931755
1.314314249 0.986579208 0.121354584 -0.186912348
0.135021329 0.018835424 -1.299212683 -0.922562729
-0.891675637 0.515641775 0.500512992 0.463507149
0.296563196 0.102120159 -0.492928464 -0.145862991
0.34270375 0.613890771 -0.021826609 0.090719536
-0.076492258 -0.134525724 0.525307322 -0.285518958
-0.667518656 -0.759949207 0.011347862 -0.331087736
-1.026106808 -2.152039711 -0.827051757 -0.453923287
-0.637756957 -1.202943661 -0.254914719 -0.939417464
0.706051884 1.200633189 0.755423422 1.352650041
1.223221802 -0.023370412 1.257539546 1.034875641
1.572254106 2.01996726 0.34221129 1.0046396
0.916679315 1.48657444 0.643034454 0.475043497
0.349419126 1.416448314 1.777724826 1.537293366
-1.074399159 -1.123702614 0.756883769 -0.748588846
0.414007808 1.015863368 -1.300781945 -0.654247971
-0.197675077 -0.433924874 -0.78210389 -0.357756925
0.233641414 0.541811835 1.241917213 3.024314413
-0.123252812 0.493122847 1.263684354 0.636360105
-0.075020077 0.436734909 -0.760515571 -0.06823458
-0.430345601 0.104962702 -0.510892983 -1.216668138
0.439964567 0.876404553 -0.962029698 -0.703253831
-2.246395591 -1.751979971 -1.11185787 -1.227064709
0.565715811 0.55558195 0.275476116 -0.076033828
-0.192371202 -0.215454328 -2.511003829 -2.052871423
-2.812667246 -2.128648476 -2.157123783 -2.406259815
-1.709513896 -1.351605718 -0.828441518 -0.240053148
-0.42511182 -0.419575525 -0.353522769 -0.32925305
-1.357679025 -1.308619027 -0.931084224 -1.127401308
0.808372823 -0.207420131 -0.678673806 0.431320899
0.051952362 0.140664739 0.128204438 0.485244507
-0.204612993 -0.458952566 1.41114753 1.889800662
0.522456082 0.678145681 0.426588008 -0.024913559
0.718501623 -0.31934417 0.790579347 1.270862739
0.469024634 0.865317274 -0.878168465 -0.412161283
-1.2573304 -2.232965108 0.141783383 -0.30921704
-0.390092195 -1.585482391 -1.016838669 -1.566062841
-0.016297396 0.273052436 0.373898828 0.04989044
-0.112797563 0.318271506 0.169789537 -0.06019393
-1.313072039 -1.414690772 -0.30251721 -0.630567552
-1.640868994 -1.476046803 -1.792567272 -1.185900369
-1.295074475 -1.18844641 -0.611938631 -0.553498585
-0.421904427 0.253172536 -0.111277186 0.135878012
-0.418061891 0.589099387 -0.492928464 -0.110545513
-0.792992006 -1.073636341 -0.63817151 -1.085262187
0.594210136 0.294529735 -1.210210243 -0.798423357
-0.054137327 0.409032066 1.075504506 0.08561769
-1.405726184 -0.716670401 -0.624980544 1.448466713
0.087862368 0.370021994 8.95522391941329e-12 -1.43952573
0.104767151 -0.550173212 1.185511229 1.005116716
0.94292049 1.23873971 -0.447060296 -0.263473271
-1.906280082 -1.603868946 -1.451543367 -0.912643375
-0.528595537 -0.436938306 -0.30251721 -0.231625848
0.334887417 -0.105647267 1.427215498 1.031597858
1.057018299 0.673798703 0.107531701 1.339322231
-0.260941387 -0.440377016 -0.534210883 0.606234283
0.000880552 0.651083515 0.424702987 0.323902746
1.151941077 1.631138897 0.618734673 0.317340061
0.900156829 1.06276892 0.965197172 0.9086022
-0.071752186 -0.069603699 -0.224510082 -1.20634252
-2.489567011 -2.104455032 -1.760943462 -1.384512523
1.788468474 2.03078205 1.590607738 1.275947438
-1.430769968 -1.607953934 -0.774116332 -1.562682516
-0.063441585 -0.491021126 0.61470918 -0.442287104
-0.227560985 -1.341944067 0.862847767 -0.06644045
-1.470801222 -2.893666955 0.351092878 -1.418660618
1.007313391 1.095277236 1.256854766 0.339105857
-1.001845641 -0.979631352 -0.454579518 1.473730373
0.628145316 0.158881858 1.172320263 0.77082
-0.416782579 -0.648329288 -1.277464041 -2.03200632
0.574987984 0.244318153 -0.939665653 -1.503905514
0.931032564 1.407325139 -0.247922588 -0.581038688
1.275698804 -0.918277544 1.911049453 1.06084532
-0.176309401 0.467813131 1.43252216 0.926294759
-0.054137327 -0.663245721 -0.492928464 -1.458317232
-2.670539889 -1.260377455 -0.673190674 -0.281605123
-0.843260409 -0.454910004 -0.284227798 0.099184565
-0.267372136 -0.822309251 -1.792567272 -0.053455849
-0.0562975 0.165601662 -1.478702196 -0.666801542
-0.386126204 -0.642723722 -0.007252663 -0.933979362
-0.600632519 -0.035416242 0.093541263 0.559889844
0.337855596 -0.784868772 1.551478669 -0.289442947
-2.869567818 -2.893666955 -0.020494073 0.035140304
-0.905865268 -1.043841616 1.714520616 -2.328668623
0.278289512 0.021958411 -1.078074085 1.590699839
2.604042779 -1.318439677 -0.824970243 -1.764705519173e-11
-0.072102078 -0.36092536 0.189940918 0.522617446
2.264424045 2.03078205 1.087465204 0.250098031
2.234073872 -2.04480427 1.934134162 3.473937812
-0.550471833 -0.033112119 -0.342060937 -0.363247665
0.820601491 0.936748081 -0.477435651 -0.098953916
-0.233296013 0.617532958 1.12262113 1.352650041
-0.022206438 -0.564054923 0.998446603 1.399680666
0.084323665 0.021626461 -0.374445342 -0.263473271
0.111971371 0.216433342 -0.395754199 -0.042291984
-1.171008751 -0.99765336 0.835847776 -0.112662658
0.180969826 0.18496666 -0.012531013 -0.101265139
-0.161502066 -1.205522924 0.055382513 -0.363247665
-0.565042827 -0.476796016 -1.919529986 -1.425583732
0.598818328 -0.197716845 -1.002890498 -1.513330441
-1.224060675 -1.430106555 -2.050118888 -1.508296509
1.067041389 0.796657127 0.831612188 0.733606804
-0.693559359 0.189379066 8.95522391941329e-12 0.571053707
0.935795664 0.864621829 0.019259603 0.307074511
0.035710579 0.263233742 -1.656622447 -0.031209912
1.285616094 1.468208895 0.081412988 0.999860142
-0.688574729 -0.72143115 0.065041124 0.322966964
1.205858911 1.530796911 1.384780324 1.461431959
1.423319492 1.12174656 0.105543419 0.189982969
0.089377166 0.091297282 1.78814654 1.739799587
0.920790078 0.598259412 -0.734987267 -1.357738428
0.620657103 0.431820087 -1.357095413 -0.980896905
-0.276335917 0.323066015 -2.124609055 -1.299175117
0.529042162 1.148799555 -1.460525497 -0.433618332
-0.505566694 0.035510965 -2.511003829 0.155523697
-0.118426668 0.31587709 -2.168168824 -1.366610581
-0.691377154 -0.313990663 -0.148282974 0.157961567
0.275382915 1.234302193 1.232627852 0.295256505
-0.955202214 -0.075047887 -1.792567272 -0.29337714
1.109358388 1.534538147 0.858391404 0.133594698
1.4819124 1.651318486 1.669897067 1.310794103
-0.512688485 -0.571817968 -0.319473197 -0.443253374
-0.606913301 -0.742702474 1.230001692 0.369061222
0.927233934 1.233587901 0.715649401 0.83835259
0.519981065 1.002006457 1.469000947 0.983818673
0.768691211 1.079332387 0.38712116 0.821615346
1.123413516 0.224412161 1.170660741 0.788263204
0.324782788 0.386854138 1.218552104 1.767789726
0.546560926 0.446419731 -0.089080408 0.182605947
1.067589245 1.607355293 -0.040645455 0.352016575
0.159389407 -0.68811307 -0.267000659 0.995065538
-0.421904427 -0.479946525 -1.373702844 0.752515754
-0.542273838 -0.028753151 -0.18890925 0.22514005
-0.064565553 0.076576214 -0.629759829 0.000574772
-1.429857147 -1.961143075 0.721888319 -0.726803038
2.041524471 -1.098720643 8.95522391941329e-12 -1.764705519173e-11
0.008101792 0.218496105 1.467575133 1.097936062
-0.894871532 -0.626205526 0.287436814 0.587646523
-2.124884351 -1.464625314 -0.957022326 -0.417497079
-0.244830549 0.097688625 -0.590524347 -0.484901091
0.50132662 0.78206724 -0.794189833 -0.113457348
1.374286359 1.104319581 0.782858937 1.16198867
2.604042779 0.42993892 0.61856293 0.029555815
2.604042779 0.886731362 2.478303794 3.473937812
-0.023630433 0.221031339 -0.081495297 0.427562644
-0.336919767 -0.051281905 -0.454579518 0.93506404
1.28264573 1.302838024 0.166270639 0.26832351
-2.416692585 -2.120068876 -0.346632023 -0.150634911
-1.191300355 -1.003202212 -0.139637263 -1.349797745
-2.758495966 -2.440288165 -0.254246968 -0.902788644
0.315266161 0.454296359 -0.462148047 1.761051646
0.209281995 -0.148384202 0.142533106 0.595571208
0.061287919 0.468268526 -0.477435651 -0.391004342
0.076847897 0.302628738 -0.139637263 -0.175937475
-0.476437327 -2.861759283 0.869868678 0.065036462
0.091323188 -0.152254616 0.792775727 0.123112565
0.089074292 -0.315915916 0.921382975 0.147696015
0.059094979 -0.197147844 -1.410115857 -0.231625848
-0.481704164 -0.28058404 -0.573674453 -0.562436257
0.354419565 0.446240277 0.375236256 0.835687044
0.439229923 0.58964769 1.0603772 0.604059306
-0.265583877 0.327412552 -0.678673806 -0.488631544
0.517148965 0.71382117 0.554805681 0.292712021
0.309657239 0.454891538 0.27725591 -0.087450462
-0.224081779 -0.200754849 0.545781418 0.2893127
0.448095572 0.540939338 -0.766902584 -1.13597185
0.096935108 0.025936597 -0.531443026 -0.477467681
1.546571888 0.439947011 -1.146660414 -2.742018017
1.004353301 0.502254216 -0.072708545 -0.771166825
-0.633283505 0.170384751 0.607517899 0.00155736
-0.912388218 -0.689578063 -0.481640376 -0.338448805
0.834899247 -0.035287355 0.479596161 -0.367181855
0.752697691 0.474706434 0.230906989 0.194065825
1.309867686 1.676350554 -0.18531921 0.24458729
1.464154759 0.166931695 -0.159912263 -1.418660618
0.314811931 0.289601747 -1.079925234 -1.951310019
-0.451409696 0.187129319 1.092553516 0.938806797
0.128254945 0.040948564 0.604234263 0.267499826
-0.396416915 -0.112693336 -1.357095413 -0.250653729
-0.257959927 0.223921915 1.133066424 0.647936922
0.556587718 -0.11257871 2.478303794 2.176608738
-1.823249684 -2.431860896 -0.801808322 -0.819192973
1.769552925 0.619525995 -0.241632673 -0.231625848
1.018197554 0.363240554 -0.954692963 -0.653414763
-0.278852519 0.223641708 -1.02176062 -0.607472503
0.618206215 0.348092131 1.00101434 0.854247971
0.026373904 -0.039933677 1.711059753 3.244854241
1.240621768 2.03078205 2.478303794 1.737229159
-0.207189827 -0.659930734 -1.099155882 -0.678712605
0.481877962 0.326688927 -1.399070832 0.059847105
0.005688671 -0.039933677 0.11584528 0.562129217
-0.470797616 0.016149366 0.037558947 0.010429507
0.28645965 1.059837626 0.367861168 1.082151259
-1.28305798 -1.060113714 8.95522391941329e-12 -1.13597185
-0.43863562 0.207266993 -1.772138466 -1.09718263
-0.258445751 -0.470513064 -0.36045491 -0.225336042
-0.009366409 0.360681687 0.163062309 0.149300429
0.44729717 0.715454199 -0.127397522 -0.087450462
-0.492156453 0.410700077 -1.931795715 -0.862259688
-0.644228037 -0.697343375 -0.734987267 -0.117209386
-1.900515414 0.134167489 0.981615614 3.473937812
2.08883366 1.736684176 0.367861168 0.463507149
0.517089923 0.852053209 -0.557067012 -0.145862991
-0.019867904 0.404436288 -1.041661056 -1.357738428
-1.263020965 -1.832324935 0.580144355 2.143182504
0.8700309 1.284931851 0.268585369 0.489442946
-1.301672133 -1.172346429 -0.160886681 0.283345448
0.98301863 1.025825226 0.005838558 -0.349558007
-0.794898834 -0.580735167 0.699902952 0.983818673
